0.9890015664691421
0.8792684181000331
0.7342320297609605
0.9704030521599435
0.9928132837822226
0.9955794268660878
0.9092778730512641
0.9407141553424769
0.9811535001795891
0.9771483467997024
0.9736009781438661
0.8050802610002827
0.9961686817621946
0.984943426908357
0.9962304894851385
0.9271642422389669
0.9692358817558971
0.9060388678348554
0.9873669564762116
0.8041951087840876
0.9892535427323355
0.9831624576914763
0.984524114382267
0.9925591398455993
0.9631565087090144
0.9720082880525053
0.8251243930946801
0.9853850311158728
0.9615310346375946
0.9780850451658333
0.9986891202578131
0.9547611370354727
0.9439494820662544
0.991971219631458
0.9971659051040115
0.999885852976867
0.9573562343328706
0.9588687134684037
0.9461288187042276
0.9976082652811851
0.895921183642929
0.9965980515989026
0.9827438040748881
0.8626130929132074
0.8923861233206697
0.9596400148871315
0.9672135399302964
0.9610683432448734
0.9943285380306977
0.9783870342460144
0.946575240707044
0.9573818240172811
0.9604701220311441
0.9536140401897619
0.9831063944264683
0.9017139875014035
0.9374445224515574
0.8674220939434948
0.946841794245578
0.995479515148548
0.9350938901317719
0.97803907686949
0.9931591793734849
0.99070158208396
0.975693131044842
0.9991424306420867
0.9915179900639547
0.9952542109315061
0.9805499634243546
0.9982467217652707
0.9068375604957141
0.926874805791178
0.9612143898526625
0.9891356575482604
0.9666842169370927
0.908886890047232
0.9571757868657675
0.9937984066404003
0.9353018785552382
0.9496032780389497
0.9063453199166863
0.9894505829282554
0.9221399585827978
0.9692114801470822
0.8023538726656865
0.9301289477083473
0.9959384649361139
0.995795244012381
0.9312401509648901
0.8509251794859936
0.9881891068656871
0.9393414230356817
0.9833689858518257
0.9578312711858068
0.9266603926552532
0.9747367004484601
0.8753857132948718
0.9426793173887286
0.9897294728417739
0.946577541273517
0.993866757423496
0.9516891594868686
0.9548584086145343
0.9853278768947619
0.9851651001111101
0.9999248085059012
0.9515199899778426
0.982595688704585
0.9899416737051772
0.9982402088340069
0.9506970496051481
0.9694720855468714
0.9589000397270735
0.8894036637060239
0.9722881859476766
0.9940627131608701
0.8042735132763604
0.9821394289801476
0.985019631166309
0.8119149652513493
0.9970746771699203
0.8585075280329622
0.9504756381602938
0.9881812317811908
0.9866561981944996
0.9756219397515992
0.933761167163887
0.9968870444551313
0.929388058628905
0.974418725417905
0.993922765937847
0.9960280181293342
0.86788381615719
0.9935072883866813
0.9812402100944099
0.9522505524775704
0.9706510582040455
0.9874887290991621
0.9390403933516314
0.9377190661783412
0.9572190243524021
0.9419667326341361
0.9973846084850962
0.9911390001580407
0.950029759576623
0.8500189718316593
0.9885257870957854
0.9798196907869738
0.9929761783896611
0.9898019074548247
0.9950113941132642
0.9507755880934482
0.9604286105382983
0.9956106294421451
0.8717671084466979
0.9857975631020106
0.9847396879505194
0.9853791599161443
0.8351976225868226
0.9198319031276898
0.9214565754326803
0.9419925549144985
0.940480595026963
0.925553819850578
0.9990563343356555
0.9200668166267202
0.9855568242710806
0.9954621246550768
0.8065653187311143
0.9210876018136511
0.9381340042585515
0.9253279801444741
0.9952457208094772
0.850880940124942
0.9608294675041177
0.9679555520325782
0.8949562811589236
0.9410350970393246
0.8552854244735728
0.9721625698634707
0.996881038588654
0.9751405712281359
0.7500905673230172
0.9945042246501049
0.9535055787560732
0.9580912378358741
0.8865061369039074
0.9785967294019684
0.9019381931037814
0.99941571591715
0.9987500542199467
0.9618075939885611
0.8737020998946265
0.9317687593531729
0.9229630162993159
0.8429263685834548
0.9802700313636638
0.9139511469906997
0.9338489933997554
0.9677299706166959
0.9521168754289403
0.9931418083618115
0.9986728174942694
0.8412772319001078
0.9997303382202448
0.9733949738598932
0.8996947375609996
0.9944888185116444
0.8028400189861848
0.9363262535321614
0.9217194186147937
0.956863553174031
0.8787592527296844
0.9631708803752425
0.9221860893284805
0.9886642230444976
0.9887774953049129
0.9154381717510737
0.97676261658855
0.9224193237296129
0.9966784095562119
0.9026587946286306
0.965414476010114
0.9871359201304238
0.972954959848165
0.9630124367198084
0.8678029976892944
0.9664510658436751
0.8500147560449642
0.9752394421371199
0.8484078093134251
0.8579963667325162
0.8982189094432966
0.9760342523091343
0.9118337843845743
0.9733632943059679
0.9690236247526645
0.9930408035765289
0.9749603952832808
0.9849001106102583
0.9735554391443494
0.8780353604644513
0.9968010411559781
0.9535064622176025
0.8520031197600739
0.9738375495076995
0.9928703457827165
0.9788525994123736
0.9924109311542799
0.9844657231430761
0.903881623220003
0.906083646088017
0.9878963765844445
0.9336400258389321
0.9735672608357643
0.99882710460237
0.9022770467897798
0.9913448175010735
0.9079814217611338
0.9463401867909509
0.9942703650156869
0.8372902202213779
0.9951220268354295
0.9820177347720763
0.9463286441842844
0.9523957781210346
0.9275242991008203
0.9873936553700658
0.9952247097347534
0.970193878134544
0.8707550752588167
0.9325097711400824
0.9928140996190205
0.8256533633786335
0.9925288554644206
0.9935813359329688
0.9374522332333937
0.8056754568468096
0.8334359365014412
0.906655456781809
0.9573198063122043
0.9944147685038551
0.9940803355924341
0.9770761973128859
0.9482344066077177
0.9631513963554605
0.8313670112778236
0.9956078273084773
0.9452322063739194
0.8803115769767438
0.8125825134048054
0.9139097474705219
0.9396410279995399
0.9691316619869365
0.9568652580468102
0.9389944224334653
0.9533206759832938
0.9946882393885862
0.9560454343528044
0.7617754697565894
0.9909935824244602
0.8857615499543716
0.9122180582219195
0.938484453771267
0.9678047457518236
0.9831174807761033
0.8902916037598532
0.9721492370057117
0.9426814449585863
0.9923291648757934
0.9170679016449573
0.9650735816353027
0.9240533599924523
0.943310787225487
0.8866442619363152
0.9977689445786636
0.8451249611745044
0.9095294144437909
0.9838226296880266
0.9708930707444571
0.9965792020778322
0.9143489658326959
0.9474876135666299
0.9038192186564462
0.9927710594596768
0.9998877408191269
0.8144760870398875
0.8960691932428986
0.9739152564142345
0.9858075914600131
0.8935246871557078
0.942554636247664
0.9792421991886133
0.9448193846648398
0.9915238104342804
0.9660029509165263
0.9774165587537788
0.9944138650250772
0.9820357397915973
0.9513337175513414
0.9756161044104755
0.9096313969880704
0.9837507716736317
0.8847786434727205
0.9098276113611918
0.980299285647014
0.9859495115632999
0.9683251191037039
0.9534735883835642
0.962256207149169
0.9261521963026093
0.8682602568095962
0.8996223659406604
0.9885461575205968
0.9944984698635133
0.939128056162481
0.9700770103395548
0.9917189518498916
0.9173740025907104
0.8388642642689532
0.9639880436888072
0.927027685527723
0.9942647918615158
0.9238427993830751
0.9972691436532006
0.8101488828297166
0.9299915686638159
0.9833618840197197
0.9935095842437062
0.9640307573287431
0.9679891496779658
0.7286741502271996
0.9821323175154344
0.9705596503857914
0.8253839075977282
0.9149555018817417
0.978907922863193
0.9451531438470079
0.9414546579566044
0.9336620191303179
0.9863921144231931
0.9709080835580871
0.9557031333350534
0.9750299095719444
0.995551130045069
0.9781275070075783
0.9974084643359912
0.9082833729921307
0.9968798086900048
0.995858455236841
0.9951801892090526
0.9930981825850231
0.999173097727147
0.8533283230270676
0.9334510604887847
0.7194482349366444
0.8385652220158087
0.8759286160051853
0.9151313792562352
0.9010125041965484
0.9935854015700016
0.9957034035541598
0.8788505463608278
0.9775498859874165
0.9940174851934017
0.9848459200954609
0.8964406330443498
0.8984674531381844
0.9427403799099895
0.9923899469931908
0.9587636777420222
0.9615481396798293
0.9979351869817858
0.9612141049003929
0.9771661776042523
0.9733233957024292
0.7769671880400956
0.9242034990706745
0.958116691064894
0.8804884251829138
0.9632249092191925
0.9787592559401803
0.9976536392303647
0.9107546966029768
0.9097439248871168
0.9827319673465607
0.9348193361938778
0.9692322795456089
0.9673821555370546
0.9814158447654285
0.9958038138698666
0.9942661218964022
0.8515529785511878
0.9516070013474758
0.9861529806277539
0.9916289328429502
0.9744855159100535
0.955983857717369
0.9367523808241601
0.8267970311692501
0.9598290832204217
0.9816256322610054
0.9396236555519998
0.738571120462248
0.9142776954258874
0.9941809456611992
0.9626167547121117
0.9623094324199827
0.9907928873726634
0.9441114610965426
0.9487962237670667
0.9710085970912536
0.9714933854527816
0.930633717609048
0.9817297423643346
0.9949771579324432
0.972696583121987
0.9046596293427577
0.919648680104391
0.8789840463471434
0.8599100568091579
0.9993078352790002
0.9708946350261092
0.95701182796353
0.9777305159465083
0.9728248698417113
0.9972066731729006
0.9459322372356654
0.9233973164880436
0.9857277298731988
0.8927751548745281
0.9595609380552637
0.9181749828497732
0.9755759667352245
0.9803534568215028
0.980994227591888
0.9864084090933497
0.9033406438378997
0.8235756520362617
0.9863819934952216
0.975386144835556
0.9166311182682138
0.9399887388121675
0.9601053777160669
0.971372252145894
0.9090286774759193
0.9399743341200826
0.9997628576192126
0.9728426002414504
0.9784645316154277
0.9244674924646782
0.9299152758643011
0.8756118061572697
0.91451794819339
0.9565910472244964
0.924450729862534
0.9843238654173603
0.9626528761018438
0.9860028493519898
0.9731320040962163
0.9207594025006895
0.9698669294706298
0.9652397107788517
0.9881638069952063
0.9744862599511578
0.9827353929988472
0.9538441768851825
0.9240499313609325
0.9151229541435997
0.9349965871178317
0.8636418769763985
0.9692976581599101
0.936285851163632
0.9640018870909176
0.8097972924336901
0.8567437600775073
0.8954447077162392
0.8216476604148314
0.9854997336672332
0.9847233374674563
0.9512892619064836
0.8529622223746038
0.9622862678878498
0.9423033925987916
0.988899695927803
0.6114553451241214
0.9767126760826135
0.9653552447367971
0.9734602964076906
0.9979132578684757
0.9295319517668164
0.980083941251276
0.9870830204642747
0.9694792127725497
0.9418459078048537
0.9661575369565333
0.9891854015495871
0.9813742817104334
0.9526037056537543
0.8680100282486539
0.976575947827408
0.851678347526718
0.9520058143120426
0.9967953769507134
0.9198463131984949
0.9901154738467719
0.9845968553320761
0.9970585144795359
0.9551553414718725
0.9497176178195758
0.9057842905707626
0.9540447498741509
0.9936075991464265
0.9745201723409315
0.999958541397823
0.9916747422991308
0.8856455429192197
0.9102867585697489
0.9671766656890651
0.9635111992821888
0.9933570103503455
0.9624211721052297
0.9132949324702773
0.9997838071877825
0.9806462524854297
0.9882855319953716
0.9213804947210403
0.5675901960675883
0.9119641537263613
0.9593896535408116
0.9136114232461673
0.9698640546100356
0.9071689753271288
0.8773325125254623
0.9885795061496285
0.9931125024696306
0.9941189502357657
0.9925407478609177
0.9984645870485752
0.9806739460604647
0.9929203885256525
0.9842758637399712
0.8736258369971824
0.9886575290380472
0.9555177498813929
0.9562170684091711
0.9386468580144418
0.8911721995456329
0.9107375648580313
0.9551439516107315
0.895146399557272
0.9716571858128117
0.9836281202360065
0.9760508370761741
0.9599819735853763
0.9259164212785502
0.9884801129065215
0.9879538554651027
0.987944805030201
0.9481406962631643
0.7307851260155751
0.9480917246788199
0.9793910134058328
0.9336493265926559
0.9371602909309514
0.9047725111966467
0.9855826570668735
0.9352161175381796
0.9776556562813539
0.8882805279126588
0.9971548902913187
0.9204933740475079
0.8983879367249784
0.9223941627130737
0.9529291780993928
0.9040470610247546
0.9386109800965621
0.9186991136022421
0.9709912854161907
0.8432949283306472
0.9431130358858529
0.9308459699228054
0.9576510942892084
0.9472163176081142
0.9497682378651335
0.8117983122259198
0.9909272547480982
0.9263919887321297
0.9358205755182246
0.8143468299937539
0.9685563123147363
0.9896626991827383
0.9062462416028945
0.9775971770733493
0.9544701463405201
0.8380395452097932
0.9477270929712744
0.9929838992117358
0.9625660637041192
0.9295539823548318
0.9261538674231506
0.9896483630163039
0.943136989608421
0.9110187715812831
0.8796318215896524
0.9691032602366737
0.9563436577660209
0.9759781062679113
0.9198173389986455
0.8926402689206371
0.8958576615526068
0.9934586485111446
0.9817968322901832
0.9179621902310515
0.9919037876417216
0.8278588129243055
0.9999479019759954
0.9308733964104946
0.9540302571246948
0.9078048367305218
0.9552828491058448
0.9034777089077154
0.9998432494570252
0.9964031880527958
0.9959396018038736
0.895963490027658
0.9246605527195634
0.8850981279671676
0.9693206149586298
0.9194197105442148
0.9596199885022525
0.9540539799393662
0.9946555526532503
0.9791298845357862
0.96970814066776
0.9808744592379237
0.952895111275509
0.948235436826646
0.9502639465028998
0.9882043326842692
0.903038290465488
0.9579447755266626
0.9669358542723789
0.9803678915047627
0.969453733378856
0.9771454371866706
0.9242687133018412
0.991854818267556
0.9503870159101075
0.7256682719962573
0.962555510709018
0.9704320799025125
0.8909872369093185
0.9214842946454895
0.9731369462536764
0.9532269523648323
0.9952100572014811
0.9978156611520015
0.9606794513427067
0.9581384721729181
0.9690556438712346
0.9622883188654369
0.9678106848335618
0.9757500291222705
0.9239706562179506
0.9916493035864921
0.9980196305109176
0.986697811329932
0.9738047863222863
0.9414602157661943
0.9490683222908893
0.9098153782383275
0.8781020745556216
0.9997070889748803
0.9535628598883722
0.9910597297739574
0.978686251868243
0.9766945520816053
0.9940399907028767
0.9560220579115766
0.977525595758476
0.9270687896703109
0.9725416296049709
0.9733296206045904
0.9807759837527387
0.871543712985524
0.9720161597303747
0.993245391402438
0.9686901892759125
0.8948520921409554
0.6595079474907078
0.8696600760125167
0.9962232508575989
0.9336582918676738
0.8865901679892481
0.9605504166987473
0.8864075752796318
0.9261076760004974
0.9175245335315448
0.9923387212841583
0.9915107952221053
0.9611654405686604
0.955720079462374
0.9912450906403713
0.9695424047812321
0.9702786513920006
0.849022996804511
0.9930636326122738
0.9013467380388699
0.9403244264304679
0.9638317892887317
0.998471129478374
0.9345389883093788
0.9664346264618355
0.9822118472173643
0.9504985188191337
0.9865821704909484
0.9946744971032315
0.9894807049560108
0.9984426190152041
0.9794819161710816
0.9917605351947345
0.9994007447606549
0.9310725473997575
0.9647435583912787
0.9982436973625902
0.974811559728069
0.9075398305645405
0.9692844714607889
0.8570477806802768
0.977592936668127
0.9825629282964866
0.9942388935422865
0.9690227845245147
0.9874571808519008
0.9482217254698747
0.9555614726190914
0.9686397113484774
0.9196922856612771
0.9925779755258245
0.9591026217205483
0.9664907892363614
0.9630644438819143
0.9909772143427238
0.9177035263491881
0.9423587881049287
0.9839115091056321
0.9701721991753403
0.9245478665086075
0.9878893690023586
0.9185822412990766
0.9687083295238047
0.9959604864155517
0.9339225909103434
0.9822255470344812
0.9016388165593218
0.9647538360667144
0.9923258565502352
0.9701071790847822
0.9896851576745963
0.867575211017647
0.995710897558964
0.9814100856340582
0.9928429691666265
0.9619422751157984
0.9705849737953326
0.9459492747509949
0.9435264501480781
0.9192237365684409
0.94394226102771
0.9950267944017228
0.9679268734445072
0.8853055259069879
0.9090429801286666
0.9870440922589337
0.992751092717189
0.9996381793882342
0.9870508169750903
0.9721914176302306
0.8769749562233795
0.9989005451677389
0.9989242803430992
0.9239013760682963
0.9696260656120547
0.9553818089462358
0.9469999323938704
0.9551108363903155
0.9495395737387899
0.9924639923918904
0.9696595700951842
0.9571809535583377
0.9992495624510971
0.9126776751808202
0.998197606771801
0.967912707109394
0.9898071380811835
0.9057101697590898
0.9983746779084578
0.9664667484964663
0.9771151774646993
0.995775066376393
0.9526274256901044
0.9726305173479206
0.9697132953860009
0.9702134819896716
0.9985286098982012
0.971153663388126
0.9659198321331444
0.7802380580191116
0.9382868139785095
0.992576901904172
0.8989278463457023
0.9944710355984882
0.9700592897636318
0.9988976697110825
0.9486460921505386
0.9489760425291831
0.9971645094980262
0.9510387501825361
0.9378909491863396
0.9630799317651614
0.9856793796693745
0.942253536741524
0.8201413866550857
0.9919876052895515
0.9997055670408287
0.9533992624916706
0.9631460715917914
0.9593731494666885
0.9542337959382807
0.9109754645658051
0.9125390293225033
0.9745386186736664
0.9734706659573308
0.9649607894269658
0.9082269086805399
0.9670791078106
0.9883301794225191
0.9636823535822513
0.9490227099565608
0.9161851989681938
0.918526362748482
0.8663169331038231
0.8857008449186051
0.9769688602978331
0.9924447640912872
0.9993838427725757
0.9942092910753116
0.9387143735636335
0.982512659856393
0.9560102714703956
0.9497471819663853
0.9603596917554563
0.9996527863624853
0.9923712491315436
0.8332583041810895
0.9138721721667281
0.9674489441943185
0.9900326681486287
0.9413154548945444
0.9858497698581298
0.9480911964391207
0.9322892811886906
0.929187525115901
0.9722991497819256
0.9742380441790417
0.773511222047104
0.9460020286377113
0.9050782085893709
0.9990447014913527
0.9426237952588321
0.9770594033496948
0.988361755605868
0.7940634413901984
0.9770763639757142
0.9208652794557112
0.9995346850857448
0.9982518579786088
0.8518178977623998
0.98956621406061
0.9495693411246302
0.9935113146425772
0.9946215451147611
0.9424914149590784
0.979642253541524
0.9096121390891831
0.9749444863576078
0.991232130046151
0.9938018829132469
0.9969905086403186
0.9054577425317797
0.9252999721066287
0.9965164832499369
0.9484345718349362
0.9951980104777522
0.9206600176120179
0.9989661407845425
0.9754615819382202
0.924165303095396
0.9896481791860765
0.9859650416720781
0.85384244033175
0.9849162829000452
0.9960744485503766
0.9692135568403073
0.9846193743153269
0.9860857711166809
0.9296226969639253
0.9253668081643971
0.9813324737835508
0.9982458377945597
0.8968107140326207
0.9176591067261266
0.8884499193965463
0.9747564033616399
0.9408463855994029
0.9991662105433117
0.9354489159992289
0.899578481381843
0.9905477630409981
0.8489047116534022
0.8965033511300445
0.9968743433529904
0.9990277240761755
0.9987235552672254
0.9140720910135347
0.9385145177725331
0.9502463000866722
0.9727704286152146
0.9946463658054784
0.9861786853060327
0.9254855857862395
0.9471837666888065
0.9868808568784218
0.9218994352383535
0.9946485751638691
0.9050252044045517
0.9739386646944673
0.7739059509496574
0.9599797143948204
0.9574631716774128
0.9550168393938263
0.8204111492847429
0.9227418397954774
0.9618892740864823
0.9466791289155974
0.8916099567557483
0.9343680105021712
0.8565931364651027
0.972521324206023
0.8586910248290928
0.9780251586992519
0.8697579631947435
0.9304257813739452
0.9570487218910692
0.9828306852414429
0.882730033456211
0.9595632900208056
0.9810962584404122
0.884137792140085
